8476507020
8485015995
8485156081
8485260385
8485911651
8494592066
8494746485
8514300337
8514303311
8514304888
8519386203
8721987847
8721990577
8721993460
8721996257
8721998593
8722055423
8722057690
8722060068
8722062619
8722064840
8722116649
8722118919
8722121250
8722123512
8722125690
8729092579
8729095925
8729102855
8729110211
8729120685
8729124508
8729126906
8729129224
8729131318
8729133568
8729162098
8729166831
8729168933
8729171969
8729175084
8729193311
8729195379
8729197391
8729337741
8729340808
8729366592
8729369057
8729372080
8729374213
8729379492
8757549350
8757551067
8757552389
8757553714
8757555190
8757556690
8757558596
8757560356
8757563392
8757565500
8757567988
8757569911
8757571342
8757573416
8757574781
8757579346
8757584972
8757588255
8757591529
8757593014
8757594753
8757596172
8757597686
8757600805
8757602310
