8476507020
101989881298732
8485015995
106018988205117
8485156081
138208284912147
8485260385
85782692451950
8485911651
96022583841027
8494592066
123082036272509
8494746485
99069308373765
8514300337
127996951471123
8514303311
101327911535741
8514304888
138973218820768
8519386203
75324511865183
8721987847
90176713347007
8721990577
134750697993089
8721993460
140637828444197
8721996257
96358611015583
8721998593
73684828372487
8722055423
114564993048994
8722057690
105082443224515
8722060068
77831068125553
8722062619
101094352265753
8722064840
134474911309533
8722116649
128461744349542
8722118919
136289042760190
8722121250
117348988818545
8722123512
77222590903550
8722125690
74127923603233
8729092579
95454023535882
8729095925
106556172879966
8729102855
87050203702355
8729110211
139707356450935
8729120685
94882989955796
8729124508
117047583748054
8729126906
90183108541491
8729129224
125901673053647
8729131318
127272116517765
8729133568
134040932623496
8729162098
127337073324078
8729166831
135749493863725
8729168933
76942423252073
8729171969
122324391673687
8729175084
134323408399323
8729193311
80732191761032
8729195379
126282634179950
8729197391
138568074770545
8729337741
135522744192961
8729340808
133773954933430
8729366592
130992882984562
8729369057
81297275654526
8729372080
120665537949328
8729374213
118594924206242
8729379492
94147353329040
8757549350
140329044251120
8757551067
94939878506299
8757552389
76212266928016
8757553714
113756595413226
8757555190
99784830962436
8757556690
105807932009733
8757558596
122855997694514
8757560356
140470385883620
8757563392
99309602114990
8757565500
106624982707427
8757567988
127136111865868
8757569911
110663684919092
8757571342
109034037997353
8757573416
99387973162382
8757574781
88619031575092
8757579346
70568430583161
8757584972
119719560540400
8757588255
92561145506707
8757591529
129722945085246
8757593014
85375201055594
8757594753
71425110364366
8757596172
88407849001424
8757597686
86639528747657
8757600805
123849629449058
8757602310
104274051123111
