101989881298732
106018988205117
138208284912147
85782692451950
96022583841027
123082036272509
99069308373765
127996951471123
101327911535741
138973218820768
75324511865183
90176713347007
134750697993089
140637828444197
96358611015583
73684828372487
114564993048994
105082443224515
77831068125553
101094352265753
134474911309533
128461744349542
136289042760190
117348988818545
77222590903550
74127923603233
95454023535882
106556172879966
87050203702355
139707356450935
94882989955796
117047583748054
90183108541491
125901673053647
127272116517765
134040932623496
127337073324078
135749493863725
76942423252073
122324391673687
134323408399323
80732191761032
126282634179950
138568074770545
135522744192961
133773954933430
130992882984562
81297275654526
120665537949328
118594924206242
94147353329040
140329044251120
94939878506299
76212266928016
113756595413226
99784830962436
105807932009733
122855997694514
140470385883620
99309602114990
106624982707427
127136111865868
110663684919092
109034037997353
99387973162382
88619031575092
70568430583161
119719560540400
92561145506707
129722945085246
85375201055594
71425110364366
88407849001424
86639528747657
123849629449058
104274051123111
